City_ID,City,Lat,Lng,Max Temp,Humidity,Cloudiness,Wind Speed,Country,Date
0,edinburgh of the seven seas,-37.0676,-12.3116,9.69,62,95,11.99,SH,1696180823
1,port-aux-francais,-49.35,70.2167,6.26,97,100,19.13,TF,1696180815
2,yellowknife,62.456,-114.3525,8.29,88,75,6.17,CA,1696180549
3,ust-nera,64.5667,143.2,-2.2,62,31,3.42,RU,1696180821
4,bosobolo,4.1833,19.9,26.15,79,54,0.92,CD,1696180951
5,west island,-12.1568,96.8225,25.99,73,100,7.72,CC,1696180820
6,la ronge,55.1001,-105.2842,7.14,81,100,2.57,CA,1696180883
7,labuan,5.2767,115.2417,27.63,79,100,7.58,MY,1696180952
8,matoury,4.8483,-52.3317,32.98,58,75,4.63,GF,1696180952
9,itaituba,-4.2761,-55.9836,38.09,47,20,1.18,BR,1696180921
10,qamdo,31.1667,97.2333,5.6,63,20,1.39,CN,1696180952
11,adamstown,-25.066,-130.1015,20.64,82,50,10.95,PN,1696180818
12,notodden,59.5594,9.2585,14.31,71,64,1.46,NO,1696180953
13,knjazevac,43.5648,22.2502,18.49,75,50,1.34,RS,1696180953
14,lebu,-37.6167,-73.65,12.71,68,100,3.65,CL,1696180643
15,port mathurin,-19.6833,63.4167,23.29,78,81,8.8,MU,1696180877
16,blackmans bay,-43.0167,147.3167,6.96,87,6,2.72,AU,1696180827
17,iskateley,67.6803,53.1512,10.57,98,100,4.02,RU,1696180866
18,wailua homesteads,22.0669,-159.378,24.44,88,75,5.66,US,1696180849
19,sombrio,-29.1139,-49.6167,20.52,72,73,5.0,BR,1696180954
20,hamilton,39.1834,-84.5333,28.45,57,20,4.12,US,1696180868
21,stanley,54.868,-1.6985,16.77,79,20,2.57,GB,1696180827
22,craig,40.5153,-107.5464,20.79,34,100,1.54,US,1696180955
23,ribeira grande,38.5167,-28.7,22.22,60,20,4.92,PT,1696180817
24,geraldton,-28.7667,114.6,19.23,72,75,5.66,AU,1696180955
25,vilyuysk,63.7553,121.6247,7.22,82,99,0.89,RU,1696180919
26,pangody,65.85,74.4859,2.61,100,100,3.32,RU,1696180898
27,thompson,55.7435,-97.8558,6.09,87,100,3.09,CA,1696180846
28,worland,44.0169,-107.9554,15.34,69,0,2.24,US,1696180956
29,grytviken,-54.2811,-36.5092,4.91,94,65,5.02,GS,1696180825
30,waitangi,-43.9535,-176.5597,11.01,91,61,1.34,NZ,1696180815
31,avarua,-21.2078,-159.775,25.03,94,100,2.06,CK,1696180828
32,utrik,11.2278,169.8474,27.54,77,94,3.8,MH,1696180847
33,beyneu,45.3167,55.2,19.97,41,7,4.19,KZ,1696180957
34,wau,7.7029,27.9953,27.61,65,98,2.07,SS,1696180957
35,iqaluit,63.7506,-68.5145,4.85,75,75,1.54,CA,1696180836
36,udachny,66.4167,112.4,-0.73,95,100,7.12,RU,1696180856
37,oromocto,45.8351,-66.4792,23.17,62,0,2.06,CA,1696180786
38,fale old settlement,-9.3852,-171.2468,27.76,76,25,2.81,TK,1696180884
39,yuzhno-kurilsk,44.0306,145.8556,15.76,96,98,3.22,RU,1696180846
40,port saint john's,-31.6229,29.5448,17.51,62,64,3.15,ZA,1696180958
41,whitehorse,60.7161,-135.0538,4.43,89,75,7.2,CA,1696180876
42,abaza,52.655,90.0928,5.08,96,98,0.41,RU,1696180959
43,cooper's town,26.8667,-77.5167,27.76,78,100,5.29,BS,1696180959
44,ciudad lazaro cardenas,17.9583,-102.2,31.17,68,82,1.95,MX,1696180959
45,coquimbo,-29.9533,-71.3436,14.85,77,75,4.12,CL,1696180835
46,albany,42.6001,-73.9662,24.4,66,0,1.34,US,1696180523
47,tazovsky,67.4667,78.7,0.2,88,99,6.59,RU,1696180861
48,pokhara,28.2333,83.9833,22.2,81,31,2.63,NP,1696180960
49,ushuaia,-54.8,-68.3,1.81,93,75,8.23,AR,1696180833
50,laojunmiao,39.8333,97.7333,10.3,30,43,0.73,CN,1696180961
51,kapa'a,22.0752,-159.319,25.18,88,75,5.66,US,1696180961
52,uturoa,-16.7333,-151.4333,25.86,79,57,9.36,PF,1696180859
53,tobruk,32.0836,23.9764,24.0,64,0,5.54,LY,1696180962
54,keflavik,64.0049,-22.5624,10.95,81,0,5.14,IS,1696180877
55,alpine,32.835,-116.7664,17.05,85,75,1.79,US,1696180962
56,vila velha,-20.3297,-40.2925,24.97,81,0,4.63,BR,1696180842
57,dryden,49.7833,-92.7503,15.16,100,100,3.09,CA,1696180963
58,puerto ayora,-0.7393,-90.3518,30.98,90,99,1.79,EC,1696180820
59,papatowai,-46.5619,169.4708,9.83,82,100,3.3,NZ,1696180824
60,bredasdorp,-34.5322,20.0403,13.09,73,0,6.81,ZA,1696180860
61,kulhudhuffushi,6.6221,73.07,27.56,77,100,6.06,MV,1696180963
62,longyearbyen,78.2186,15.6401,-3.09,59,75,8.23,SJ,1696180827
63,hermanus,-34.4187,19.2345,14.91,73,0,5.78,ZA,1696180839
64,lihue,21.9789,-159.3672,24.77,88,75,5.66,US,1696180847
65,bei'an,24.5399,109.533,24.82,89,27,1.73,CN,1696180964
66,gadzhiyevo,69.2551,33.3362,6.33,78,97,5.12,RU,1696180872
67,sumter,28.7086,-82.0831,27.85,84,83,6.78,US,1696180935
68,korla,41.7597,86.1469,19.36,31,5,3.23,CN,1696180776
69,badger,64.8,-147.5333,2.95,75,100,3.09,US,1696180852
70,nazca,-14.8333,-74.95,29.15,41,16,3.4,PE,1696180965
71,juba,4.8517,31.5825,24.73,75,97,3.34,SS,1696180965
72,punta arenas,-53.15,-70.9167,2.06,87,75,11.83,CL,1696180851
73,west bay,19.3667,-81.4167,32.78,74,40,3.09,KY,1696180966
74,zhalantun,48.0,122.7167,7.94,68,26,2.27,CN,1696180966
75,dabat,12.9842,37.765,12.49,84,14,1.2,ET,1696180966
76,vilhena,-12.7406,-60.1458,30.12,62,75,5.66,BR,1696180764
77,manicore,-5.8092,-61.3003,34.97,52,0,2.06,BR,1696180966
78,touros,-5.1989,-35.4608,29.04,54,63,7.67,BR,1696180874
79,palmer,42.1584,-72.3287,24.32,59,0,4.63,US,1696180815
80,invercargill,-46.4,168.35,13.9,74,74,4.47,NZ,1696180821
81,bethel,41.3712,-73.414,24.56,65,0,4.63,US,1696180845
82,jinghong,21.991,100.7341,21.63,99,58,0.67,CN,1696180967
83,dongola,19.1667,30.4833,38.84,11,20,3.0,SD,1696180967
84,mirnyy,62.5353,113.9611,6.64,74,100,3.52,RU,1696180968
85,paradip garh,20.3167,86.6167,28.29,83,100,6.2,IN,1696180968
86,puerto natales,-51.7236,-72.4875,1.25,93,100,7.72,CL,1696180827
87,hotan,37.0997,79.9269,18.96,27,0,1.08,CN,1696180968
88,cidade velha,14.9167,-23.6167,29.26,70,75,7.2,CV,1696180897
89,sarvar,47.2539,16.9352,16.92,52,44,0.68,HU,1696180969
90,filingue,14.3521,3.3168,37.24,28,32,5.06,NE,1696180969
91,nar'yan-mar,67.6713,53.087,10.62,98,100,4.02,RU,1696180877
92,chonchi,-42.6128,-73.8092,7.29,98,100,1.07,CL,1696180651
93,jamestown,42.097,-79.2353,24.45,64,0,0.89,US,1696180664
94,hobart,-42.8794,147.3294,7.25,85,4,3.6,AU,1696181127
95,saynshand,44.8824,110.1163,13.6,22,95,3.26,MN,1696180912
96,nova sintra,14.8667,-24.7167,24.36,76,58,4.52,CV,1696180873
97,sallisaw,35.4604,-94.7875,31.72,49,20,2.06,US,1696180970
98,urangan,-25.3,152.9,20.55,68,10,2.25,AU,1696180845
99,georgetown,5.4112,100.3354,28.97,82,20,2.06,MY,1696180678
100,kayangel,8.0823,134.7173,27.83,81,49,3.7,PW,1696180858
101,deridder,30.8463,-93.289,32.98,40,0,3.6,US,1696180971
102,san andres,12.5847,-81.7006,32.01,70,20,3.6,CO,1696180929
103,suva,-18.1416,178.4415,21.71,60,75,1.54,FJ,1696180972
104,vadso,70.0744,29.7487,6.49,87,75,1.03,NO,1696180834
105,balkanabat,39.5108,54.3671,23.38,19,0,1.83,TM,1696180972
106,camiri,-20.05,-63.5167,27.88,32,40,1.54,BO,1696180973
107,oppdal,62.5943,9.6912,6.87,87,99,1.37,NO,1696180973
108,flin flon,54.7682,-101.865,5.91,93,100,3.6,CA,1696180973
109,klyuchi,52.2667,79.1667,7.19,83,0,2.3,RU,1696180841
110,knysna,-34.0363,23.0471,14.33,80,0,4.27,ZA,1696180973
111,qaqortoq,60.7167,-46.0333,3.26,78,99,2.17,GL,1696180820
112,north bend,43.4065,-124.2243,12.31,93,75,1.54,US,1696180912
113,rabo de peixe,37.8,-25.5833,20.73,99,40,8.23,PT,1696180974
114,portland,45.5234,-122.6762,15.43,78,20,2.24,US,1696181046
115,margaret river,-33.95,115.0667,12.27,65,96,11.79,AU,1696180777
116,kingston,17.997,-76.7936,34.58,66,20,2.57,JM,1696180641
117,faya-largeau,17.9257,19.1043,38.08,15,72,7.61,TD,1696180976
118,raja,8.4596,25.678,26.44,73,87,1.45,SS,1696180976
119,bilibino,68.0546,166.4372,-7.8,87,100,0.39,RU,1696180818
120,breaux bridge,30.2735,-91.8993,32.27,46,0,6.17,US,1696180976
121,saint-pol-sur-mer,51.0312,2.3398,24.44,37,76,3.71,FR,1696180976
122,east london,-33.0153,27.9116,15.52,72,20,3.6,ZA,1696180822
123,kuusamo,65.9667,29.1833,7.02,87,75,3.6,FI,1696180977
124,sparti,37.0733,22.4297,19.97,62,85,2.14,GR,1696180977
125,hithadhoo,-0.6,73.0833,28.04,72,76,6.43,MV,1696180863
126,celestun,20.8667,-90.4,31.9,61,89,0.51,MX,1696180977
127,saldanha,-33.0117,17.9442,17.03,71,0,4.7,ZA,1696180896
128,ilulissat,69.2167,-51.1,-0.99,74,4,1.54,GL,1696180818
129,arona,28.0996,-16.681,25.46,70,0,3.6,ES,1696180978
130,laguna,38.421,-121.4238,20.17,70,0,3.09,US,1696180825
131,reyes,-14.3167,-67.3833,33.06,45,99,1.31,BO,1696180979
132,kinablangan,7.6947,126.5503,26.87,81,100,2.31,PH,1696180979
133,tiksi,71.6872,128.8694,-7.77,91,56,2.93,RU,1696180844
134,bochum,51.4833,7.2167,22.59,59,100,1.58,DE,1696180921
135,beibei,29.8256,106.4339,23.54,95,100,1.09,CN,1696180979
136,hadibu,12.65,54.0333,27.02,83,60,1.55,YE,1696180850
137,fauske,67.2588,15.3918,8.02,85,98,2.66,NO,1696180980
138,hami,42.8,93.45,16.9,35,59,4.05,CN,1696180822
139,cherokee,34.2668,-84.4499,26.73,64,0,2.57,US,1696180752
140,atafu village,-8.5421,-172.5159,28.02,71,56,0.68,TK,1696180852
141,imperatriz,-5.5264,-47.4917,37.03,41,40,1.54,BR,1696180865
142,kirensk,57.7853,108.1119,1.68,76,43,4.47,RU,1696180981
143,port alfred,-33.5906,26.891,15.1,87,64,5.6,ZA,1696180857
144,sisimiut,66.9395,-53.6735,2.52,64,99,1.51,GL,1696180982
145,cockburn town,21.4612,-71.1419,30.98,62,40,5.14,TC,1696180982
146,onverwacht,5.5833,-55.1833,37.7,23,90,2.24,SR,1696180982
147,hassi messaoud,31.6804,6.0729,29.92,28,0,4.12,DZ,1696180983
148,aquin,18.2833,-73.4,30.45,71,99,2.12,HT,1696180983
149,polyarnyy,69.1989,33.4478,6.44,78,97,4.93,RU,1696180983
150,isabela,6.7085,121.9711,26.07,91,100,2.37,PH,1696180984
151,borogontsy,62.6683,131.1683,1.83,53,100,2.24,RU,1696180984
152,mocimboa,-11.3167,40.35,23.86,82,0,4.19,MZ,1696180984
153,zherdevka,51.8486,41.4606,17.94,38,53,3.64,RU,1696180984
154,ma'rib,15.4591,45.3253,27.82,14,0,1.46,YE,1696180985
155,san marcos,33.1434,-117.1661,19.1,67,100,0.89,US,1696180771
156,islamkot,24.6997,70.177,30.55,30,36,4.21,PK,1696180985
157,bikin,46.8161,134.26,7.45,92,84,1.15,RU,1696180985
158,san patricio,28.017,-97.5169,32.32,63,28,5.94,US,1696180856
159,kapuskasing,49.4169,-82.4331,17.05,82,75,3.6,CA,1696180986
160,college,64.8569,-147.8028,2.99,73,100,3.09,US,1696180833
161,shimoda,34.6667,138.95,21.72,77,82,2.57,JP,1696180986
162,dakhla,23.6848,-15.958,25.01,69,0,8.75,EH,1696180823
163,betio village,1.358,172.9211,28.35,75,3,3.29,KI,1696180820
164,at taj,24.2049,23.2857,29.3,23,98,5.99,LY,1696180987
165,south venice,27.0531,-82.4243,33.01,77,75,3.09,US,1696180987
166,cidreira,-30.1811,-50.2056,16.94,56,57,5.12,BR,1696180833
167,katsuren-haebaru,26.3369,127.8719,28.43,83,20,4.12,JP,1696180988
168,hauterive,46.0901,3.4459,25.42,50,31,2.03,FR,1696180988
169,quellon,-43.1167,-73.6167,6.89,83,100,1.76,CL,1696180826
170,mufumbwe,-13.6833,24.8,27.58,31,93,1.78,ZM,1696180988
171,midvagur,62.0511,-7.1939,11.46,93,100,6.69,FO,1696180988
172,afaahiti,-17.75,-149.2833,24.93,85,39,8.31,PF,1696180844
173,tchintabaraden,15.8969,5.7985,36.67,20,9,7.19,NE,1696180989
174,kindu,-2.95,25.95,24.74,79,68,1.0,CD,1696180989
175,aasiaat,68.7098,-52.8699,-2.54,68,2,5.3,GL,1696180833
176,homestead meadows south,31.811,-106.1643,27.7,38,10,6.16,US,1696180989
177,saint-francois,46.4154,3.9054,21.69,64,0,2.06,FR,1696180990
178,victoria,22.2855,114.1577,30.21,78,20,4.47,HK,1696180990
179,old shinyanga,-3.55,33.4,30.64,20,6,2.49,TZ,1696180990
180,saint-philippe,-21.3585,55.7679,22.77,74,6,2.9,RE,1696180990
181,yeysk,46.6989,38.2792,20.62,60,62,5.17,RU,1696180991
182,pacific grove,36.6177,-121.9166,16.88,83,75,1.54,US,1696180881
183,nemuro,43.3236,145.575,15.7,84,82,3.52,JP,1696180866
184,cranbrook,49.4999,-115.7688,8.91,71,40,0.0,CA,1696180992
185,kidal,18.4411,1.4078,38.85,15,14,5.7,ML,1696180992
186,hawaiian paradise park,19.5933,-154.9731,22.8,94,40,1.54,US,1696180834
187,codrington,-38.2667,141.9667,5.05,92,0,3.64,AU,1696180828
188,hobyo,5.3505,48.5268,26.35,84,37,8.96,SO,1696180993
189,vila do maio,15.1333,-23.2167,29.44,78,75,6.01,CV,1696180993
190,karratha,-20.7377,116.8463,25.55,32,0,7.28,AU,1696180850
191,sferracavallo,42.726,12.0956,26.09,46,0,2.02,IT,1696180993
192,haiku-pauwela,20.9219,-156.3051,25.58,75,20,5.36,US,1696180819
193,berezovyy,51.6667,135.7,7.4,96,100,2.15,RU,1696180994
194,ust'-kulom,61.6864,53.6902,13.67,79,100,5.7,RU,1696180994
195,baikunthpur,23.25,82.55,23.26,94,99,2.55,IN,1696180758
196,oeiras,-7.0253,-42.1311,40.18,15,8,2.57,BR,1696180994
197,novodvinsk,64.4165,40.8122,12.66,84,98,1.91,RU,1696180994
198,san antonio de pale,-1.4014,5.6325,25.42,82,76,6.11,GQ,1696180830
199,toamasina,-18.1667,49.3833,23.0,94,75,2.57,MG,1696180995
200,ironwood,46.4547,-90.171,26.45,61,0,4.63,US,1696180995
201,loveland,40.3978,-105.075,27.16,42,67,1.34,US,1696180996
202,guilin,25.2819,110.2864,25.06,88,11,1.49,CN,1696180996
203,nagqu,31.5,92.0,4.18,93,84,2.37,CN,1696180996
204,martapura,-3.4167,114.85,25.05,83,75,0.51,ID,1696180888
205,chinchilla,-26.75,150.6333,14.05,86,0,4.12,AU,1696180997
206,bamboo flat,11.7,92.7167,25.05,94,75,1.03,IN,1696180839
207,el alamo,40.2307,-3.9945,32.27,24,24,1.29,ES,1696180997
208,greymouth,-42.4667,171.2,12.55,94,100,7.06,NZ,1696180997
209,zeya,53.75,127.2667,4.94,80,97,2.24,RU,1696180998
210,la passe,45.5549,-0.8967,30.13,49,31,0.91,FR,1696180830
211,shahrud,36.4182,54.9763,17.52,39,11,2.56,IR,1696180998
212,shalqar,47.8333,59.6,17.83,44,75,3.79,KZ,1696180860
213,arraial do cabo,-22.9661,-42.0278,21.92,88,75,4.63,BR,1696180859
214,torghay,49.6339,63.4981,15.38,48,93,4.92,KZ,1696180999
215,changji,44.0167,87.3167,14.44,72,0,2.0,CN,1696180999
216,cabo san lucas,22.8909,-109.9124,33.99,62,0,5.14,MX,1696180829
217,carnarvon,-24.8667,113.6333,18.8,70,7,7.12,AU,1696180999
218,labytnangi,66.6572,66.4183,5.59,97,100,2.94,RU,1696180999
219,port lincoln,-34.7333,135.8667,12.33,79,0,2.27,AU,1696180848
220,bykhaw,53.5193,30.2469,12.14,73,100,2.13,BY,1696181000
221,moulins,46.5,3.3333,21.61,52,47,1.45,FR,1696181000
222,pekanbaru,0.5333,101.45,27.18,89,76,0.0,ID,1696181000
223,khandyga,62.6667,135.6,3.18,72,99,0.69,RU,1696180869
224,essaouira,31.5125,-9.77,31.72,33,100,3.6,MA,1696181001
225,vanino,49.0869,140.2543,11.07,84,100,5.12,RU,1696181001
226,mana,5.6592,-53.7767,32.49,56,88,5.46,GF,1696181002
227,crane,31.3974,-102.3501,27.89,49,92,9.28,US,1696180894
228,tolanaro,-25.0319,46.9987,26.04,73,20,2.06,MG,1696180856
229,daye,30.0833,114.95,21.92,74,99,1.26,CN,1696181002
230,fortuna,40.5982,-124.1573,13.88,91,0,3.6,US,1696180692
231,arkhangel'sk,64.5401,40.5433,12.85,84,100,1.48,RU,1696181003
232,dudinka,69.4058,86.1778,-14.07,99,67,0.89,RU,1696180870
233,olonkinbyen,70.9221,-8.7187,0.02,80,100,4.51,SJ,1696180827
234,port elizabeth,-33.918,25.5701,15.17,81,0,2.06,ZA,1696180824
235,tazacorte,28.629,-17.9293,26.54,74,0,3.09,ES,1696180850
236,heroica guaymas,27.9333,-110.9,32.47,70,40,5.14,MX,1696181004
237,st. john's,47.5649,-52.7093,19.66,59,75,8.75,CA,1696180644
238,pa daet,19.5049,99.9924,22.51,99,71,1.32,TH,1696181004
239,howrah,22.5892,88.3103,28.0,89,40,2.57,IN,1696180831
240,humahuaca,-23.2054,-65.3505,24.01,7,1,6.55,AR,1696180863
241,colonia,50.9333,6.95,23.31,63,0,3.09,DE,1696180610
242,pindiga,9.9833,10.9333,28.05,62,83,2.19,NG,1696181005
243,sandnessjoen,66.0217,12.6316,7.06,81,75,1.03,NO,1696180895
244,agrate brianza,45.5778,9.3515,25.61,56,0,1.54,IT,1696181005
245,revelstoke,50.9832,-118.2023,8.01,100,0,1.03,CA,1696181005
246,conceicao da barra,-18.5933,-39.7322,26.94,59,54,5.02,BR,1696181006
247,colesberg,-30.72,25.0972,15.93,23,0,4.85,ZA,1696181006
248,pola de lena,43.1609,-5.8288,23.9,49,29,0.73,ES,1696181006
249,newport,51.5877,-2.9984,20.38,90,97,3.79,GB,1696181006
250,san roque,36.2107,-5.3842,22.46,78,20,4.12,ES,1696181006
251,nanao,37.05,136.9667,17.93,76,8,2.86,JP,1696181007
252,opuwo,-18.0607,13.84,29.71,10,0,4.07,NA,1696180844
253,viqueque,-8.8673,126.3658,23.19,92,14,0.6,TL,1696181007
254,savannah,32.0835,-81.0998,26.68,60,40,5.66,US,1696180830
255,kiunga,-6.1219,141.2906,23.03,99,100,0.99,PG,1696181008
256,alice springs,-23.7,133.8833,28.75,17,84,4.12,AU,1696180757
257,akureyri,65.6835,-18.0878,8.96,61,75,2.57,IS,1696180869
258,xai-xai,-25.0519,33.6442,20.74,64,48,8.25,MZ,1696181008
259,petropavlovsk-kamchatsky,53.0452,158.6483,6.36,87,100,2.0,RU,1696180822
260,olinda,-8.0089,-34.8553,28.85,58,40,6.17,BR,1696181009
261,emure-ekiti,7.4361,5.4593,24.5,91,51,2.33,NG,1696181009
262,watsa,3.0372,29.5355,18.99,97,97,3.14,CD,1696181009
263,verkhnevilyuysk,63.4453,120.3167,6.08,82,83,0.89,RU,1696181009
264,moraleja,40.0162,-6.6977,33.69,23,9,0.47,ES,1696181010
265,jayapura,-2.5333,140.7,24.66,90,70,1.36,ID,1696181010
266,zhanaozen,43.3,52.8,19.82,36,2,2.67,KZ,1696181010
267,turuntayevo,52.2,107.6167,10.05,91,100,3.11,RU,1696181010
268,vorgashor,67.5833,63.95,7.99,98,100,6.67,RU,1696180831
269,vorkuta,67.5,64.0,8.19,98,100,6.71,RU,1696180864
270,champerico,14.3,-91.9167,34.3,69,14,1.46,GT,1696181011
271,xilin hot,43.9667,116.0333,8.58,40,0,3.06,CN,1696181011
272,saipan,15.1355,145.701,27.39,94,40,3.09,MP,1696180840
273,brokopondo,4.75,-55.1667,33.78,39,100,0.88,SR,1696181012
274,lamarque,-39.423,-65.7021,25.93,20,99,5.97,AR,1696181012
275,souillac,-20.5167,57.5167,24.21,78,75,5.14,MU,1696181012
276,isafjordur,66.0755,-23.124,9.02,66,75,6.17,IS,1696180904
277,phan rang-thap cham,11.5667,108.9833,25.55,90,91,0.95,VN,1696181013
278,tual,-5.6667,132.75,25.96,89,100,3.25,ID,1696180874
279,tura,25.5198,90.2201,23.72,98,82,1.89,IN,1696180923
280,hell-ville,-13.4,48.2667,26.45,72,58,4.04,MG,1696180876
281,motygino,58.1831,94.7592,2.66,54,100,5.36,RU,1696181014
282,talnakh,69.4865,88.3972,-12.38,91,10,2.35,RU,1696180816
283,hirara,24.8,125.2833,27.92,83,75,6.17,JP,1696181014
284,kodiak,57.79,-152.4072,8.73,93,100,6.69,US,1696180829
285,mount pearl,47.5166,-52.7813,19.19,60,75,8.75,CA,1696181014
286,palu,-0.8917,119.8707,24.41,96,25,1.34,ID,1696181015
287,ancud,-41.8697,-73.8203,8.46,91,100,1.38,CL,1696180655
288,ambatofinandrahana,-20.55,46.8,21.93,44,84,1.51,MG,1696181015
289,la'ie,21.6477,-157.9253,26.98,82,31,3.58,US,1696180915
290,tabasco,18.0,-92.6667,31.06,78,75,2.57,MX,1696181015
291,lospalos,-8.5186,127.0025,20.87,95,32,1.41,TL,1696181015
292,barakani,-12.1356,44.4317,25.39,75,85,2.04,KM,1696181016
293,sao desiderio,-12.3633,-44.9733,39.59,16,3,2.93,BR,1696180791
294,kosh-agach,50.0,88.6667,2.95,84,100,2.68,RU,1696181016
295,yarmouth,41.7057,-70.2286,19.98,82,75,8.49,US,1696180845
296,bonthe,7.5264,-12.505,28.24,77,100,4.01,SL,1696181017
297,tsiombe,-25.3,45.4833,22.95,69,3,2.28,MG,1696180886
298,greenville,35.6127,-77.3663,25.08,65,40,2.57,US,1696181017
299,happy valley-goose bay,53.3168,-60.3315,15.17,47,40,7.2,CA,1696180909
300,buka,40.8108,69.1986,17.73,29,76,3.53,UZ,1696181017
301,ranau,5.9538,116.6641,21.47,89,100,1.36,MY,1696181017
302,biltine,14.5333,20.9167,34.24,30,82,4.71,TD,1696180892
303,onega,63.9061,38.1404,9.7,94,100,0.47,RU,1696181018
304,praia da vitoria,38.7333,-27.0667,23.2,68,20,4.15,PT,1696181018
305,brainerd,46.358,-94.2008,28.14,57,0,5.14,US,1696181018
306,sinabang,2.4803,96.3801,26.23,86,83,3.92,ID,1696180849
307,taksimo,56.3444,114.8794,6.51,71,95,0.45,RU,1696181019
308,mu'minobod,38.1085,70.0285,15.35,28,8,1.57,TJ,1696181019
309,lazaro cardenas,17.9583,-102.2,31.17,68,82,1.95,MX,1696180905
310,golyshmanovo,56.3979,68.3728,8.16,93,12,3.41,RU,1696181019
311,yaren,-0.5472,166.916,28.22,77,7,3.7,NR,1696181019
312,bijie,27.3125,105.2942,17.76,97,55,0.85,CN,1696181020
313,turbat,26.0023,63.044,29.85,22,0,2.07,PK,1696181020
314,machali,-34.1833,-70.6667,11.6,94,100,1.03,CL,1696181020
315,antofagasta,-23.65,-70.4,18.6,67,19,3.58,CL,1696180924
316,berdigestyakh,62.0989,126.6992,0.87,74,90,1.7,RU,1696181021
317,dadukou,26.5479,101.7054,21.94,88,62,1.1,CN,1696181021
318,extrema,-22.8547,-46.3183,23.23,82,87,3.7,BR,1696181021
319,salalah,17.0151,54.0924,27.08,72,16,0.83,OM,1696181021
320,kolonia,50.9333,6.95,23.31,63,0,3.09,DE,1696180944
321,kitimat,54.0524,-128.6534,9.82,62,100,0.89,CA,1696181022
322,al hazm,16.1641,44.7769,29.08,13,0,3.04,YE,1696181022
323,pedernales,18.0384,-71.744,30.17,73,97,3.28,DO,1696181022
324,lagoa,39.05,-27.9833,19.73,65,68,4.17,PT,1696180924
325,keminmaa,65.8596,24.8228,5.87,93,0,0.51,FI,1696181022
326,kununurra,-15.7667,128.7333,24.99,73,27,3.6,AU,1696180851
327,puerto aysen,-45.4,-72.7,8.89,83,91,2.3,CL,1696181023
328,usogorsk,63.4106,48.6872,12.59,92,98,4.34,RU,1696181023
329,frederiksvaerk,55.9707,12.0225,15.66,83,74,2.68,DK,1696181023
330,pozos de gamboa,22.95,-102.5667,25.12,34,13,3.52,MX,1696181024
331,graaff-reinet,-32.2522,24.5308,16.2,45,0,3.66,ZA,1696181024
332,laredo,27.5064,-99.5075,29.16,70,100,3.09,US,1696181024
333,kegen,43.0197,79.2203,6.93,67,88,1.64,KZ,1696181024
334,santo antonio,-6.3106,-35.4789,32.95,36,60,7.76,BR,1696181025
335,sao joao da barra,-21.6403,-41.0511,23.05,80,100,9.5,BR,1696180832
336,kristiansund,63.1115,7.732,11.03,93,20,1.54,NO,1696180890
337,port moresby,-9.4431,147.1797,24.17,92,97,3.76,PG,1696181025
338,puerto baquerizo moreno,-0.9,-89.6,26.55,74,75,7.72,EC,1696180824
339,carlisle,40.2015,-77.1889,26.21,58,0,0.89,US,1696180740
340,entebbe,0.0644,32.4469,22.18,88,20,1.54,UG,1696181026
341,guerrero negro,27.9769,-114.0611,22.55,59,2,5.91,MX,1696180887
342,kingscliff,-28.2667,153.5667,18.89,77,9,4.12,AU,1696181026
343,abengourou,6.7297,-3.4964,25.21,95,93,2.34,CI,1696181027
344,urucara,-2.5364,-57.76,41.73,16,92,2.59,BR,1696181027
345,minas de marcona,-15.2119,-75.1103,20.37,60,36,5.34,PE,1696180868
346,luderitz,-26.6481,15.1594,17.61,68,0,5.57,NA,1696180839
347,anadyr,64.75,177.4833,-5.72,93,0,1.0,RU,1696180829
348,magadan,59.5667,150.8,4.34,86,100,0.45,RU,1696181027
349,constantia,44.1833,28.65,22.61,56,25,1.72,RO,1696180709
350,forster,-32.1667,152.5167,19.65,83,81,7.46,AU,1696181028
351,mejit,10.2753,170.8646,27.29,80,100,4.92,MH,1696181028
352,xingcheng,40.6167,120.7167,15.86,39,8,2.94,CN,1696181028
353,namibe,-15.1961,12.1522,19.55,79,4,2.17,AO,1696180885
354,susuman,62.7833,148.1667,-1.12,73,11,1.79,RU,1696180838
355,eyl,7.9803,49.8164,27.11,76,59,10.65,SO,1696180903
356,punta del este,-34.9667,-54.95,16.06,76,40,7.15,UY,1696180911
357,puerto santa,-8.9906,-78.6456,20.28,81,88,4.69,PE,1696181029
358,poronaysk,49.2167,143.1167,11.27,99,100,3.58,RU,1696181030
359,inarajan village,13.2736,144.7484,27.54,94,2,3.96,GU,1696180916
360,enriquillo,17.9,-71.2333,32.82,65,100,5.17,DO,1696181030
361,kotlas,61.2611,46.6556,11.14,92,80,3.13,RU,1696181030
362,mumford,5.2618,-0.759,26.25,83,24,5.69,GH,1696181031
363,mount isa,-20.7333,139.5,16.87,45,2,1.54,AU,1696180853
364,hammerfest,70.6634,23.6821,3.25,70,40,4.63,NO,1696180919
365,luanda,-8.8368,13.2343,26.0,73,75,3.09,AO,1696181005
366,manokwari,-0.8667,134.0833,26.16,81,96,2.07,ID,1696181031
367,taulaga,-11.0553,-171.0883,27.63,80,55,6.95,AS,1696181032
368,noosa heads,-26.3833,153.15,16.17,79,2,2.51,AU,1696181032
369,st helens,53.45,-2.7333,18.81,91,75,3.6,GB,1696181032
370,kuanda,56.3161,116.0806,6.11,68,74,1.76,RU,1696180852
371,ginir,7.1333,40.7,18.31,69,87,2.82,ET,1696181033
372,bull savanna,17.8868,-77.5902,30.38,60,47,2.64,JM,1696181033
373,topeka,39.0483,-95.678,32.15,48,0,3.09,US,1696181033
374,tralee,52.2704,-9.7026,15.14,77,20,4.12,IE,1696180824
375,lawas,13.764,121.0566,27.77,86,100,3.0,PH,1696181034
376,toliara,-23.35,43.6667,24.36,80,1,3.49,MG,1696180867
377,rouissat,31.9243,5.3502,30.04,25,0,5.14,DZ,1696181034
378,huarmey,-10.0681,-78.1522,21.53,76,92,4.33,PE,1696180880
379,enewetak,11.3474,162.3373,28.99,75,93,6.4,MH,1696180856
380,tekkali,18.6167,84.2333,27.24,89,100,3.47,IN,1696181035
381,mudanjiang,44.5833,129.6,6.47,88,44,1.79,CN,1696181035
382,daru,-9.0763,143.2092,24.66,89,100,6.76,PG,1696180830
383,saki,8.6667,3.3833,24.77,89,81,2.11,NG,1696181036
384,tocopilla,-22.092,-70.1979,20.76,67,12,3.16,CL,1696181036
385,fort bragg,35.139,-79.006,26.47,59,20,2.57,US,1696180837
386,hobbs,32.7026,-103.136,24.55,59,75,6.17,US,1696181036
387,galliano,29.4422,-90.2992,31.11,58,75,4.63,US,1696181036
388,koulamoutou,-1.1303,12.4736,24.37,93,75,1.24,GA,1696181037
389,mount gambier,-37.8333,140.7667,4.42,94,0,2.15,AU,1696180714
390,al mindak,20.1588,41.2834,26.78,25,1,3.29,SA,1696181037
391,nova vicosa,-17.8919,-39.3719,26.78,61,37,5.37,BR,1696180923
392,alice,27.7523,-98.0697,31.94,64,40,3.6,US,1696181037
393,pisco,-13.7,-76.2167,21.12,78,0,4.12,PE,1696180837
394,hasaki,35.7333,140.8333,22.38,68,100,9.24,JP,1696180920
395,najran,17.4924,44.1277,29.36,15,0,2.59,SA,1696181038
396,tromso,69.6496,18.957,5.01,75,75,3.6,NO,1696181038
397,iron river,46.0927,-88.6423,25.42,63,84,3.27,US,1696180693
398,bandarbeyla,9.4942,50.8122,26.07,87,12,6.91,SO,1696180924
399,rikaze,29.25,88.8833,13.48,48,82,2.81,CN,1696181039
400,broome,42.2506,-75.833,25.35,71,0,4.12,US,1696181039
401,taoudenni,22.6783,-3.9836,39.83,8,38,1.71,ML,1696180856
402,sonoita,31.85,-112.8333,23.27,45,1,6.09,MX,1696181040
403,nola,40.922,14.5329,25.78,62,4,1.87,IT,1696181040
404,road town,18.4167,-64.6167,32.05,84,40,4.12,VG,1696181040
405,boden,65.8252,21.6886,10.0,78,86,1.48,SE,1696181040
406,hawera,-39.5917,174.2833,13.46,89,76,4.79,NZ,1696181041
407,fort mcmurray,56.7268,-111.381,11.77,58,0,4.12,CA,1696180668
408,tashtagol,52.7657,87.8894,5.85,94,81,0.65,RU,1696181041
409,chagoda,59.164,35.3285,12.12,69,10,4.7,RU,1696181041
410,edmundston,47.3737,-68.3251,21.13,58,20,3.09,CA,1696180806
411,grahamstown,-33.3042,26.5328,11.64,74,77,4.33,ZA,1696181042
412,juan jose rios,25.75,-108.8333,30.97,59,18,3.34,MX,1696181042
413,klamath falls,42.2249,-121.7817,10.27,65,40,5.66,US,1696180961
414,novyy urengoy,66.0833,76.6333,1.29,99,100,2.46,RU,1696181043
415,talavera,15.6167,120.9333,24.55,96,99,0.9,PH,1696181043
416,santa ana de yacuma,-13.75,-65.4333,33.97,49,75,5.14,BO,1696181043
417,san dionisio ocotepec,16.8,-96.4,24.99,43,92,1.3,MX,1696181043
418,severo-yeniseyskiy,60.3725,93.0408,-1.35,68,92,5.81,RU,1696180820
419,mae tha,18.4646,99.1403,25.25,96,97,0.75,TH,1696180863
420,queenstown,-31.8976,26.8753,11.72,61,0,5.74,ZA,1696180817
421,sitka,57.0531,-135.33,11.94,82,100,4.63,US,1696180580
422,vohburg an der donau,48.7667,11.6167,22.14,57,6,0.51,DE,1696181044
423,kargasok,59.0556,80.8572,4.98,48,100,3.58,RU,1696181045
424,veraval,20.9,70.3667,26.76,76,3,5.14,IN,1696181045
425,vilyuchinsk,52.9306,158.4028,7.18,82,99,0.53,RU,1696180847
426,formosa do rio preto,-11.0483,-45.1931,39.16,15,0,2.97,BR,1696181046
427,inhambane,-23.865,35.3833,21.71,68,86,9.15,MZ,1696181046
428,myrina,39.8797,25.0742,23.58,46,0,0.0,GR,1696181046
429,rongelap,11.1635,166.8941,27.95,79,100,6.07,MH,1696180876
430,benguela,-12.5763,13.4055,22.93,80,61,2.55,AO,1696181046
431,ma'an,26.9775,110.7211,22.65,84,93,2.5,CN,1696181047
432,medicine hat,50.0501,-110.6683,8.24,92,100,3.09,CA,1696180868
433,parapat,2.663,98.9349,21.09,92,67,1.21,ID,1696181047
434,outjo,-20.1167,16.15,30.27,8,0,2.75,NA,1696181047
435,waliso,8.5333,37.9833,16.72,67,30,2.16,ET,1696181047
436,wanning,18.8003,110.3967,26.13,88,9,1.62,CN,1696181048
437,sakaiminato,35.55,133.2333,19.99,60,20,2.57,JP,1696181048
438,ghatsila,22.6,86.4833,25.88,92,99,1.09,IN,1696181048
439,selfoss,63.9331,-20.9971,9.47,67,100,5.08,IS,1696181048
440,koungou,-12.7336,45.2042,25.84,78,0,4.12,YT,1696181048
441,sal rei,16.1833,-22.9167,30.11,70,75,8.23,CV,1696181049
442,francisco beltrao,-26.0811,-53.055,24.0,56,53,3.2,BR,1696181049
443,malango,-2.9627,119.9001,19.0,99,46,0.9,ID,1696181049
444,sretensk,52.2453,117.7093,5.82,77,2,1.17,RU,1696181049
445,kalawit,8.0667,122.5167,25.74,91,100,3.25,PH,1696181050
446,nantucket,41.2835,-70.0995,19.08,82,0,10.8,US,1696180856
447,marsh harbour,26.5412,-77.0636,28.53,75,99,5.02,BS,1696181050
448,fuglafjordur,62.244,-6.814,11.26,87,71,9.8,FO,1696180918
449,taro,-8.3862,115.28,21.03,89,65,0.23,ID,1696181051
450,kone,-21.0595,164.8658,19.07,81,89,2.64,NC,1696180884
451,shagonar,51.5333,92.8,8.64,78,100,1.36,RU,1696181051
452,mulayjah,27.271,48.4242,30.29,24,0,2.0,SA,1696181052
453,matsue,35.4722,133.0506,20.0,60,20,2.57,JP,1696181052
454,amlapura,-8.45,115.6167,23.95,83,56,2.64,ID,1696181052
455,salinopolis,-0.6136,-47.3561,29.36,69,53,7.53,BR,1696180904
456,szczecinek,53.7079,16.6994,13.81,80,100,1.37,PL,1696181052
457,okahandja,-21.9833,16.9167,30.09,9,0,3.59,NA,1696181053
458,bela,25.9333,81.9833,27.19,77,49,2.18,IN,1696181053
459,parral,26.9333,-105.6667,25.54,34,65,2.48,MX,1696181017
460,weno,7.4515,151.8468,27.97,83,75,2.57,FM,1696180846
461,pangkalpinang,-2.1333,106.1333,26.21,80,47,3.65,ID,1696181054
462,villablino,42.9393,-6.3194,29.1,41,35,1.05,ES,1696181054
463,kemin,42.7846,75.6892,14.7,44,65,1.6,KG,1696181054
464,manwat,19.3,76.5,24.88,74,98,2.61,IN,1696181054
465,nyons,44.3333,5.1667,23.86,56,7,1.2,FR,1696181054
466,thunder bay,48.4001,-89.3168,16.99,100,100,4.12,CA,1696180847
467,perry,37.2506,-83.1999,28.1,47,0,2.24,US,1696180867
468,camabatela,-8.1881,15.375,20.01,76,94,0.97,AO,1696181055
469,maamba,-17.3667,27.15,29.51,30,35,1.13,ZM,1696181055
470,urzhar,47.093,81.6294,13.15,55,74,3.15,KZ,1696181056
471,mata-utu,-13.2816,-176.1745,26.97,79,65,11.11,WF,1696181056
472,al jawf,29.5,38.75,30.73,16,32,3.75,SA,1696181056
473,talcahuano,-36.7167,-73.1167,12.82,67,100,4.63,CL,1696180663
474,qui nhon,13.7667,109.2333,26.42,86,100,2.74,VN,1696181057
475,helena valley southeast,46.6153,-111.9216,8.88,81,100,2.68,US,1696181057
476,margate,51.3813,1.3862,20.39,78,100,1.79,GB,1696180825
477,khash,28.2211,61.2158,21.33,18,0,3.15,IR,1696181057
478,tarawa,1.419,172.984,28.39,74,3,3.25,KI,1696181058
479,saint-paul,-21.0096,55.2707,24.05,88,18,1.78,RE,1696181058
480,artemovskiy,57.3555,61.8686,9.18,78,11,3.12,RU,1696181058
481,saudarkrokur,65.7461,-19.6394,8.51,72,99,1.53,IS,1696180850
482,vanimo,-2.6741,141.3028,25.84,89,70,1.18,PG,1696181059
483,hohhot,40.8106,111.6522,13.84,61,0,2.0,CN,1696181059
484,lianzhou,24.7811,112.3825,24.06,95,12,1.01,CN,1696181059
485,fisterra,42.9049,-9.2629,23.19,78,63,3.6,ES,1696181059
486,yantzaza,-3.8278,-78.7594,31.54,41,99,1.88,EC,1696181059
487,qarauyl,48.9451,79.255,9.37,67,96,1.52,KZ,1696181060
488,horizonte,-4.1,-38.4833,30.67,34,34,6.09,BR,1696181060
489,kamyshevatskaya,46.4132,37.9563,20.62,50,53,5.62,RU,1696181061
490,dwarka,22.2394,68.9678,27.41,79,100,5.58,IN,1696181061
491,neftegorsk,52.802,51.166,14.1,54,15,3.48,RU,1696181061
492,nadi,-17.8,177.4167,21.0,60,100,4.63,FJ,1696180837
493,asmar,35.0333,71.3581,21.39,39,0,1.68,AF,1696181062
494,dunedin,-45.8742,170.5036,13.98,64,98,6.24,NZ,1696180805
495,port augusta,-32.5,137.7667,15.17,64,33,3.56,AU,1696181062
496,rio grande,-32.035,-52.0986,23.06,63,0,2.81,BR,1696180899
497,emerald,-23.5333,148.1667,15.19,81,0,3.61,AU,1696181063
498,al kharj,24.155,47.3346,33.32,15,0,4.55,SA,1696181063
499,buala,-8.145,159.5921,26.08,86,95,3.35,SB,1696181063
500,locust grove,33.346,-84.1091,27.39,61,2,0.89,US,1696181064
501,qaryat suluq,31.6682,20.2521,24.47,57,5,6.68,LY,1696181064
502,kirakira,-10.4544,161.9205,25.81,85,91,4.7,SB,1696180909
503,penukonda,14.0833,77.5833,23.42,73,100,6.72,IN,1696181064
504,brisas de zicatela,15.8369,-97.0419,31.29,58,40,0.0,MX,1696181064
505,tindouf,27.6711,-8.1474,36.25,11,94,7.2,DZ,1696180876
506,gaiman,-43.2897,-65.4929,22.56,21,100,5.45,AR,1696181065
507,new norfolk,-42.7826,147.0587,7.62,94,6,1.38,AU,1696180857
508,namie,37.4833,141.0,18.73,87,50,5.41,JP,1696181065
509,chingirlau,51.095,54.0814,13.82,55,3,3.68,KZ,1696181065
510,chaiyo,14.6764,100.4686,28.97,85,98,1.33,TH,1696181066
511,usinsk,65.9939,57.5281,11.26,93,100,10.06,RU,1696180893
512,pak phanang,8.3511,100.202,27.27,76,78,3.85,TH,1696181066
513,badagry,6.4167,2.8833,27.17,80,40,5.22,NG,1696181066
514,belen,36.4891,36.2233,17.08,83,40,5.14,TR,1696181066
515,sirte,31.2089,16.5887,24.36,66,1,5.26,LY,1696181067
516,theodore,30.5477,-88.1753,31.61,43,0,6.17,US,1696181067
517,amga,60.8953,131.9608,5.55,60,99,1.34,RU,1696181067
518,paka,4.6374,103.4368,25.96,89,74,2.06,MY,1696181067
519,clisson,47.0871,-1.2829,28.33,49,88,0.16,FR,1696181068
520,kavaratti,10.5669,72.642,27.97,80,95,7.16,IN,1696180757
521,port douglas,-16.4833,145.4667,22.7,78,67,4.38,AU,1696180835
522,north madison,38.7678,-85.3966,27.6,56,40,3.6,US,1696181069
523,kabin buri,13.9511,101.7177,26.39,88,86,2.01,TH,1696181069
524,sao gabriel da cachoeira,-0.1303,-67.0892,31.89,66,40,1.54,BR,1696181069
525,nargund,15.7167,75.3833,21.73,86,84,6.68,IN,1696181069
526,kill devil hills,36.0307,-75.676,24.0,73,0,7.72,US,1696180613
527,visakhapatnam,17.69,83.2093,28.94,89,75,3.09,IN,1696181070
528,al bawiti,28.3492,28.8659,27.85,30,93,3.87,EG,1696181070
529,la foa,-21.7108,165.8276,18.8,74,97,2.06,NC,1696181070
530,westport,41.1415,-73.3579,25.26,61,0,5.66,US,1696180911
531,gabu,12.2833,-14.2167,32.95,64,100,0.6,GW,1696181071
532,achalpur,21.2572,77.5086,24.34,71,85,1.86,IN,1696181071
533,shenjiamen,29.9576,122.298,22.52,64,3,6.14,CN,1696181071
534,tashtyp,52.7939,89.8983,4.58,95,97,0.63,RU,1696181072
535,alofi,-19.0595,-169.9187,21.94,68,99,6.17,NU,1696180822
536,lompoc,34.6391,-120.4579,19.45,73,0,1.34,US,1696180841
537,sao jose da coroa grande,-8.8978,-35.1478,27.05,62,42,3.99,BR,1696181072
538,klin,56.3333,36.7333,14.1,87,99,3.22,RU,1696181039
539,seaside,36.6111,-121.8516,16.88,84,75,1.54,US,1696181073
540,south hedland,-20.4089,118.5983,24.96,65,3,6.17,AU,1696180873
541,kailua-kona,19.6406,-155.9956,24.98,84,20,3.09,US,1696181073
542,salta,-24.7859,-65.4117,24.76,36,0,3.09,AR,1696180829
543,sinop,41.7711,34.8709,14.84,92,100,1.42,TR,1696181073
544,peruibe,-24.32,-46.9983,21.21,95,98,3.7,BR,1696181074
545,aljustrel,37.8776,-8.1652,32.93,17,12,4.4,PT,1696181074
546,brookings,44.3114,-96.7984,30.77,55,0,7.2,US,1696180862
547,kidatu,-7.6992,36.9572,25.87,46,0,0.57,TZ,1696181074
548,howard springs,-12.497,131.047,26.95,79,42,0.53,AU,1696181075
549,muisne,0.6,-80.0333,26.21,76,97,5.86,EC,1696181075
550,san juan de miraflores,-12.1629,-76.9635,21.29,77,82,3.92,PE,1696181075
551,ust-tsilma,65.441,52.1498,11.75,94,100,2.21,RU,1696180882
552,bouza,14.4229,6.0428,34.76,31,12,5.32,NE,1696180934
553,kavieng,-2.5744,150.7967,26.92,83,65,2.18,PG,1696180831
554,ola,59.5833,151.2833,4.67,88,100,0.51,RU,1696181076
555,chokwe,-24.5333,32.9833,20.43,64,62,6.0,MZ,1696181076
556,virac,13.6333,124.2167,23.71,87,100,3.15,PH,1696181076
557,wagar,16.1525,36.2032,36.5,15,0,1.57,SD,1696181077
558,labrador city,52.9463,-66.9114,9.95,57,40,5.66,CA,1696180899
559,atar,20.5169,-13.0499,37.98,11,100,7.06,MR,1696181077
560,mahina,-17.5065,-149.489,25.87,73,20,1.03,PF,1696181077
561,villaguay,-31.8653,-59.0269,22.2,26,0,2.75,AR,1696181077
562,gidam,18.9833,81.4,23.6,97,100,1.06,IN,1696181078
563,delta,5.5,6.0,26.15,86,75,2.77,NG,1696181078
564,mont-laurier,46.5501,-75.4993,19.79,71,77,2.01,CA,1696180762
565,chandler,33.3062,-111.8412,27.33,43,0,2.06,US,1696181078
566,port shepstone,-30.7414,30.455,17.87,63,83,4.46,ZA,1696181078
567,oguz,41.0708,47.4583,17.91,80,39,1.34,AZ,1696181079
568,yerofey pavlovich,53.9667,121.9667,3.17,79,55,1.24,RU,1696181079
569,jora,26.3333,77.8167,27.67,35,10,1.31,IN,1696181079
570,massawa,15.6097,39.45,33.25,51,4,0.56,ER,1696181079
571,villa la angostura,-40.7617,-71.6463,11.63,61,100,2.56,AR,1696181080
572,las tablas,7.7667,-80.2833,29.54,72,100,2.3,PA,1696181080
573,norderney,53.7,7.15,19.01,87,100,7.98,DE,1696181080
574,kedrovyy,56.1667,91.8167,-0.53,78,85,1.85,RU,1696181081
575,kaitong,44.8135,123.15,11.12,43,66,3.33,CN,1696181081
576,florence,43.7667,11.25,28.82,37,0,2.57,IT,1696180920
577,kourou,5.1552,-52.6478,33.03,55,98,5.79,GF,1696181081
578,bereeda,11.8704,51.0579,27.61,75,6,1.81,SO,1696181082
579,sake,-1.5736,29.045,21.34,83,44,1.04,CD,1696181082
580,tadine,-21.55,167.8833,20.58,64,100,8.0,NC,1696181082
581,cuorgne,45.3895,7.6499,24.17,77,16,0.25,IT,1696181082
582,porlamar,10.958,-63.8491,30.33,70,99,3.95,VE,1696181082
583,bunia,1.5667,30.25,18.82,90,48,1.88,CD,1696181083
584,andrijevica,42.7339,19.7919,13.43,88,65,1.98,ME,1696181083
585,doha,25.2867,51.5333,33.99,38,0,6.69,QA,1696181047
586,kenai,60.5544,-151.2583,7.3,93,100,4.63,US,1696181083
587,boa vista,2.8197,-60.6733,36.99,30,20,3.6,BR,1696181083
588,torpoint,50.3751,-4.1957,18.03,99,100,1.34,GB,1696181084
589,mandalgovi,45.7625,106.2708,11.47,24,100,2.97,MN,1696181084
590,bridgewater,44.3835,-64.5155,21.73,62,7,2.06,CA,1696180839
591,brady,31.1352,-99.3351,29.18,65,100,4.63,US,1696180842
592,chibougamau,49.9168,-74.3659,17.7,50,5,2.2,CA,1696180900
593,corinto,37.9407,22.9573,23.48,48,3,0.97,GR,1696181085
594,bengkulu,-3.8004,102.2655,22.4,95,59,2.37,ID,1696180885
595,banda aceh,5.5577,95.3222,26.52,83,13,4.41,ID,1696180896
596,zhezqazghan,47.7833,67.7667,13.11,54,57,4.58,KZ,1696180882
597,palikir - national government center,6.9248,158.1611,23.41,94,100,1.54,FM,1696180828
598,midelt,32.6852,-4.7451,27.25,15,0,4.01,MA,1696180891
599,luza,60.6308,47.2512,11.4,93,100,4.1,RU,1696181086
600,nova xavantina,-14.6667,-52.35,38.29,23,27,2.1,BR,1696181086
